2
1.5
1.33333
1.25
1.2
1.16667
1.14286
1.125
1.11111
1.1
1.09091
1.08333
1.07692
1.07143
1.06667
1.0625
1.05882
1.05556
1.05263
1.05
1.04762
1.04545
1.04348
1.04167
1.04
1.03846
1.03704
1.03571
1.03448
1.03333
1.03226
1.03125
1.0303
1.02941
1.02857
1.02778
1.02703
1.02632
1.02564
1.025
1.02439
1.02381
1.02326
1.02273
1.02222
1.02174
1.02128
1.02083
1.02041
1.02
1.01961
1.01923
1.01887
1.01852
1.01818
1.01786
1.01754
1.01724
1.01695
1.01667
1.01639
1.01613
1.01587
1.01562
1.01538
1.01515
1.01493
1.01471
1.01449
1.01429
1.01408
1.01389
1.0137
1.01351
1.01333
1.01316
1.01299
1.01282
1.01266
1.0125
1.01235
1.0122
1.01205
1.0119
1.01176
1.01163
1.01149
1.01136
1.01124
1.01111
1.01099
1.01087
1.01075
1.01064
1.01053
1.01042
1.01031
1.0102
1.0101
1.01
1.0099
1.0098
1.00971
1.00962
1.00952
1.00943
1.00935
1.00926
1.00917
1.00909
1.00901
1.00893
1.00885
1.00877
1.0087
1.00862
1.00855
1.00847
1.0084
1.00833
1.00826
1.0082
1.00813
1.00806
1.008
1.00794
1.00787
1.00781
1.00775
1.00769
1.00763
1.00758
1.00752
1.00746
1.00741
1.00735
1.0073
1.00725
1.00719
1.00714
1.00709
1.00704
1.00699
1.00694
1.0069
1.00685
1.0068
1.00676
1.00671
1.00667
1.00662
1.00658
1.00654
1.00649
1.00645
1.00641
1.00637
1.00633
1.00629
1.00625
1.00621
1.00617
1.00613
1.0061
1.00606
1.00602
1.00599
1.00595
1.00592
1.00588
1.00585
1.00581
1.00578
1.00575
1.00571
1.00568
1.00565
1.00562
1.00559
1.00556
1.00552
1.00549
1.00546
1.00543
1.00541
1.00538
1.00535
1.00532
1.00529
1.00526
1.00524
1.00521
1.00518
1.00515
1.00513
1.0051
1.00508
1.00505
1.00503
1.005
1.00498
1.00495
1.00493
1.0049
1.00488
1.00485
1.00483
1.00481
1.00478
1.00476
1.00474
1.00472
1.00469
1.00467
1.00465
1.00463
1.00461
1.00459
1.00457
1.00455
1.00452
1.0045
1.00448
1.00446
1.00444
1.00442
1.00441
1.00439
1.00437
1.00435
1.00433
1.00431
1.00429
1.00427
1.00426
1.00424
1.00422
1.0042
1.00418
1.00417
1.00415
1.00413
1.00412
1.0041
1.00408
1.00407
1.00405
1.00403
1.00402
1.004
1.00398
1.00397
1.00395
1.00394
1.00392
1.00391
1.00389
1.00388
1.00386
1.00385
1.00383
1.00382
1.0038
1.00379
1.00377
1.00376
1.00375
1.00373
1.00372
1.0037
1.00369
1.00368
1.00366
1.00365
1.00364
1.00362
1.00361
1.0036
1.00358
1.00357
1.00356
1.00355
1.00353
1.00352
1.00351
1.0035
1.00348
1.00347
1.00346
1.00345
1.00344
1.00342
1.00341
1.0034
1.00339
1.00338
1.00337
1.00336
1.00334
1.00333
1.00332
1.00331
1.0033
1.00329
1.00328
1.00327
1.00326
1.00325
1.00324
1.00323
1.00322
1.00321
1.00319
1.00318
1.00317
1.00316
1.00315
1.00314
1.00313
1.00313
1.00312
1.00311
1.0031
1.00309
1.00308
1.00307
1.00306
1.00305
1.00304
1.00303
1.00302
1.00301
1.003
1.00299
1.00299
1.00298
1.00297
1.00296
1.00295
1.00294
1.00293
1.00292
1.00292
1.00291
1.0029
1.00289
1.00288
1.00287
1.00287
1.00286
1.00285
1.00284
1.00283
1.00282
1.00282
1.00281
1.0028
1.00279
1.00279
1.00278
1.00277
1.00276
1.00275
1.00275
1.00274
1.00273
1.00272
1.00272
1.00271
1.0027
1.0027
1.00269
1.00268
1.00267
1.00267
1.00266
1.00265
1.00265
1.00264
1.00263
1.00262
1.00262
1.00261
1.0026
1.0026
1.00259
1.00258
1.00258
1.00257
1.00256
1.00256
1.00255
1.00254
1.00254
1.00253
1.00253
1.00252
1.00251
1.00251
1.0025
1.00249
1.00249
1.00248
1.00248
1.00247
1.00246
1.00246
1.00245
1.00244
1.00244
1.00243
1.00243
1.00242
1.00242
1.00241
1.0024
1.0024
1.00239
1.00239
1.00238
1.00238
1.00237
1.00236
1.00236
1.00235
1.00235
1.00234
1.00234
1.00233
1.00233
1.00232
1.00231
1.00231
1.0023
1.0023
1.00229
1.00229
1.00228
1.00228
1.00227
1.00227
1.00226
1.00226
1.00225
1.00225
1.00224
1.00224
1.00223
1.00223
1.00222
1.00222
1.00221
1.00221
1.0022
1.0022
1.00219
1.00219
1.00218
1.00218
1.00217
1.00217
1.00216
1.00216
1.00216
1.00215
1.00215
1.00214
1.00214
1.00213
1.00213
1.00212
1.00212
1.00211
1.00211
1.00211
1.0021
1.0021
1.00209
1.00209
1.00208
1.00208
1.00207
1.00207
1.00207
1.00206
1.00206
1.00205
1.00205
1.00204
1.00204
1.00204
1.00203
1.00203
1.00202
1.00202
1.00202
1.00201
1.00201
1.002
1.002
1.002
1.00199
1.00199
1.00198
1.00198
1.00198
1.00197
1.00197
1.00196
1.00196
1.00196
1.00195
1.00195
1.00195
1.00194
1.00194
1.00193
1.00193
1.00193
1.00192
1.00192
1.00192
1.00191
1.00191
1.0019
1.0019
1.0019
1.00189
1.00189
1.00189
1.00188
1.00188
1.00188
1.00187
1.00187
1.00187
1.00186
1.00186
1.00186
1.00185
1.00185
1.00185
1.00184
1.00184
1.00183
1.00183
1.00183
1.00182
1.00182
1.00182
1.00181
1.00181
1.00181
1.00181
1.0018
1.0018
1.0018
1.00179
1.00179
1.00179
1.00178
1.00178
1.00178
1.00177
1.00177
1.00177
1.00176
1.00176
1.00176
1.00175
1.00175
1.00175
1.00175
1.00174
1.00174
1.00174
1.00173
1.00173
1.00173
1.00172
1.00172
1.00172
1.00172
1.00171
1.00171
1.00171
1.0017
1.0017
1.0017
1.00169
1.00169
1.00169
1.00169
1.00168
1.00168
1.00168
1.00168
1.00167
1.00167
1.00167
1.00166
1.00166
1.00166
1.00166
1.00165
1.00165
1.00165
1.00164
1.00164
1.00164
1.00164
1.00163
1.00163
1.00163
1.00163
1.00162
1.00162
1.00162
1.00162
1.00161
1.00161
1.00161
1.00161
1.0016
1.0016
1.0016
1.00159
1.00159
1.00159
1.00159
1.00158
1.00158
1.00158
1.00158
1.00157
1.00157
1.00157
1.00157
1.00156
1.00156
1.00156
1.00156
1.00156
1.00155
1.00155
1.00155
1.00155
1.00154
1.00154
1.00154
1.00154
1.00153
1.00153
1.00153
1.00153
1.00152
1.00152
1.00152
1.00152
1.00152
1.00151
1.00151
1.00151
1.00151
1.0015
1.0015
1.0015
1.0015
1.00149
1.00149
1.00149
1.00149
1.00149
1.00148
1.00148
1.00148
1.00148
1.00147
1.00147
1.00147
1.00147
1.00147
1.00146
1.00146
1.00146
1.00146
1.00146
1.00145
1.00145
1.00145
1.00145
1.00145
1.00144
1.00144
1.00144
1.00144
1.00143
1.00143
1.00143
1.00143
1.00143
1.00142
1.00142
1.00142
1.00142
1.00142
1.00141
1.00141
1.00141
1.00141
1.00141
1.0014
1.0014
1.0014
1.0014
1.0014
1.00139
1.00139
1.00139
1.00139
1.00139
1.00139
1.00138
1.00138
1.00138
1.00138
1.00138
1.00137
1.00137
1.00137
1.00137
1.00137
1.00136
1.00136
1.00136
1.00136
1.00136
1.00136
1.00135
1.00135
1.00135
1.00135
1.00135
1.00134
1.00134
1.00134
1.00134
1.00134
1.00134
1.00133
1.00133
1.00133
1.00133
1.00133
1.00132
1.00132
1.00132
1.00132
1.00132
1.00132
1.00131
1.00131
1.00131
1.00131
1.00131
1.00131
1.0013
1.0013
1.0013
1.0013
1.0013
1.0013
1.00129
1.00129
1.00129
1.00129
1.00129
1.00129
1.00128
1.00128
1.00128
1.00128
1.00128
1.00128
1.00127
1.00127
1.00127
1.00127
1.00127
1.00127
1.00126
1.00126
1.00126
1.00126
1.00126
1.00126
1.00125
1.00125
1.00125
1.00125
1.00125
1.00125
1.00125
1.00124
1.00124
1.00124
1.00124
1.00124
1.00124
1.00123
1.00123
1.00123
1.00123
1.00123
1.00123
1.00123
1.00122
1.00122
1.00122
1.00122
1.00122
1.00122
1.00122
1.00121
1.00121
1.00121
1.00121
1.00121
1.00121
1.0012
1.0012
1.0012
1.0012
1.0012
1.0012
1.0012
1.00119
1.00119
1.00119
1.00119
1.00119
1.00119
1.00119
1.00118
1.00118
1.00118
1.00118
1.00118
1.00118
1.00118
1.00118
1.00117
1.00117
1.00117
1.00117
1.00117
1.00117
1.00117
1.00116
1.00116
1.00116
1.00116
1.00116
1.00116
1.00116
1.00115
1.00115
1.00115
1.00115
1.00115
1.00115
1.00115
1.00115
1.00114
1.00114
1.00114
1.00114
1.00114
1.00114
1.00114
1.00114
1.00113
1.00113
1.00113
1.00113
1.00113
1.00113
1.00113
1.00112
1.00112
1.00112
1.00112
1.00112
1.00112
1.00112
1.00112
1.00111
1.00111
1.00111
1.00111
1.00111
1.00111
1.00111
1.00111
1.0011
1.0011
1.0011
1.0011
1.0011
1.0011
1.0011
1.0011
1.0011
1.00109
1.00109
1.00109
1.00109
1.00109
1.00109
1.00109
1.00109
1.00108
1.00108
1.00108
1.00108
1.00108
1.00108
1.00108
1.00108
1.00108
1.00107
1.00107
1.00107
1.00107
1.00107
1.00107
1.00107
1.00107
1.00106
1.00106
1.00106
1.00106
1.00106
1.00106
1.00106
1.00106
1.00106
1.00105
1.00105
1.00105
1.00105
1.00105
1.00105
1.00105
1.00105
1.00105
1.00104
1.00104
1.00104
1.00104
1.00104
1.00104
1.00104
1.00104
1.00104
1.00104
1.00103
1.00103
1.00103
1.00103
1.00103
1.00103
1.00103
1.00103
1.00103
1.00102
1.00102
1.00102
1.00102
1.00102
1.00102
1.00102
1.00102
1.00102
1.00102
1.00101
1.00101
1.00101
1.00101
1.00101
1.00101
1.00101
1.00101
1.00101
1.00101
1.001
1.001
1.001
1.001
1.001 